0 0.814844 0.691406 0.007813 0.010938
0 0.628907 0.688281 0.014063 0.020313
0 0.470313 0.688281 0.018749 0.026562
0 0.842187 0.690625 0.028125 0.043750
0 0.531250 0.635938 0.006250 0.003125
0 0.792188 0.639844 0.003125 0.014063
0 0.514844 0.634375 0.007812 0.003126
0 0.549219 0.633594 0.010938 0.010937
0 0.789843 0.621876 0.007813 0.009375
0 0.755468 0.610156 0.001563 0.007812
0 0.792969 0.604687 0.001562 0.006250
0 0.468750 0.617188 0.012500 0.043749
0 0.787500 0.597656 0.003125 0.029688
0 0.514844 0.592969 0.014063 0.020313
0 0.449218 0.601562 0.007813 0.078125
0 0.821875 0.578125 0.003126 0.043750
0 0.448438 0.556250 0.003125 0.003125
0 0.563281 0.596875 0.032813 0.087500
0 0.567968 0.553125 0.001563 0.003126
0 0.836719 0.538281 0.010937 0.251562
0 0.828125 0.421094 0.003126 0.026562
0 0.742188 0.518750 0.006251 0.225000
0 0.632812 0.541407 0.046875 0.298437
0 0.812500 0.536719 0.009374 0.292188
0 0.493750 0.539844 0.012500 0.298438
0 0.593750 0.375781 0.003126 0.001563
0 0.630469 0.374219 0.004687 0.007813
0 0.648438 0.313281 0.006251 0.132813
0 0.493750 0.314063 0.006250 0.134375
0 0.808593 0.310938 0.004687 0.137500
0 0.492188 0.210156 0.021875 0.032812
0 0.490626 0.167969 0.003125 0.004688
